157,1
157,3
0,273
0,270
10,219
10,65
10,95
10,25
10,243
10,181
10,235
11,30
11,17
11,22
11,20
11,28
11,16
11,12
9,5
8,14
8,10
8,15
8,5
8,18
20,3
20,2
20,1
19,3
19,2
19,1
18,3
18,1
14,6
14,1
14,3
13,1
12,3
12,2
13,3
12,1
11,27
11,25
11,24
11,23
11,21
11,18
11,11
11,10
11,3
11,2
11,1
10,272
10,252
10,250
10,248
10,116
10,110
10,94
10,3
10,2
10,1
9,7
9,6
9,4
9,3
9,2
9,1
8,17
8,16
8,11
8,9
8,8
8,7
8,6
8,3
8,2
8,1
3,3
3,2
3,1
2,3
2,2
2,1
0,0
178,34
178,33
178,32
178,31
178,30
178,29
178,28
178,27
178,26
178,25
178,24
178,23
178,22
178,21
178,20
178,19
178,18
178,17
